25
24302004
Sandriana Ariani
90.00 91.00 92.00 93.00 94.00 95.00 96.00 97.00 
24302006
Naimah
90.00 91.00 92.00 93.00 94.00 95.00 96.00 97.00 
24302008
Raudhatul Hasanah
90.00 91.00 92.00 93.00 94.00 95.00 96.00 97.00
24302011
Lailatul Mubarokah
90.00 91.00 92.00 93.00 94.00 95.00 96.00 97.00 
24302012
Muhammad Amin
90.00 91.00 92.00 93.00 94.00 95.00 96.00 97.00 
24302013
Aidul Akbari
91.00 92.00 93.00 94.00 95.00 96.00 97.00 98.00 
24302014
Alvina
90.00 91.00 92.00 93.00 94.00 95.00 96.00 97.00 
24302015
M. Amin Badali
90.00 91.00 92.00 93.00 94.00 95.00 96.00 97.00 
24302016
Fatimah
90.00 91.00 92.00 93.00 94.00 95.00 96.00 97.00 
24302017
Halimatus Sa'diah
90.00 91.00 92.00 93.00 94.00 95.00 96.00 97.00 
24302018
Nurul Wafa
90.00 91.00 92.00 93.00 94.00 95.00 96.00 97.00 
24302019
Siti Nor Hafipah
90.00 91.00 92.00 93.00 94.00 95.00 96.00 97.00 
24302020
Rabiatul Munawarah
90.00 91.00 92.00 93.00 94.00 95.00 96.00 97.00 
24302021
Sit Aisyah
90.00 91.00 92.00 93.00 94.00 95.00 96.00 97.00 
24302023
Arini
90.00 91.00 92.00 93.00 94.00 95.00 96.00 97.00 
24302024
Syifa Nur Ardianie
90.00 91.00 92.00 93.00 94.00 95.00 96.00 97.00 
24302025
Raudah
90.00 91.00 92.00 93.00 94.00 95.00 96.00 97.00 
24302026
Muhammad Arif
90.00 91.00 92.00 93.00 94.00 95.00 96.00 97.00 
24302027
Muhammad Haikal
90.00 91.00 92.00 93.00 94.00 95.00 96.00 97.00 
24302028
Arsyifa
90.00 91.00 92.00 93.00 94.00 95.00 96.00 97.00 
24302029
Noor Hidayah
90.00 91.00 92.00 93.00 94.00 95.00 96.00 97.00 
24302058
Kharunnisa
90.00 91.00 92.00 93.00 94.00 95.00 96.00 97.00 
24302031
Muhamad Hidayat
90.00 91.00 92.00 93.00 94.00 95.00 96.00 97.00 
24302032
Farras Dwie Cahyani
90.00 91.00 92.00 93.00 94.00 95.00 96.00 97.00 
24302033
Salasiah
90.00 91.00 92.00 93.00 94.00 95.00 96.00 97.00 
Algoritma dan Pemrograman
PHTI-01
Logika Informatika
PHTI-02
Aplikasi Perkantoran
PHTI-03
Etika Profesi
PHTI-04
Matematika Diskrit
PHTI-05
Pengantar Teknologi Informasi
PHTI-06
Bahasa Inggris
PHTI-07
Bahasa Indonesia
PHTI-08
